10000 0.063937
11000 0.059766
12000 0.059974
13000 0.060554
14000 0.061161
15000 0.061451
16000 0.062469
17000 0.061937
18000 0.062444
19000 0.062743
20000 0.062972
21000 0.063288
22000 0.063241
23000 0.064299
24000 0.063738
25000 0.064004
26000 0.064148
27000 0.064130
28000 0.064202
29000 0.065298
30000 0.064535
31000 0.064978
32000 0.065186
33000 0.065300
34000 0.065350
35000 0.066490
36000 0.065521
37000 0.065379
38000 0.065591
39000 0.065627
40000 0.065982
41000 0.065745
42000 0.067863
43000 0.066007
44000 0.066088
45000 0.066072
46000 0.066321
47000 0.079801
48000 0.067965
49000 0.066283
50000 0.066264
51000 0.066164
52000 0.066468
53000 0.066479
54000 0.068570
55000 0.066688
56000 0.067531
57000 0.067091
58000 0.067114
59000 0.067047
60000 0.069606
61000 0.067117
62000 0.067477
63000 0.067519
64000 0.067658
65000 0.067795
66000 0.070243
67000 0.067650
68000 0.067726
69000 0.068040
70000 0.068307
71000 0.068292
72000 0.073285
73000 0.068571
74000 0.068551
75000 0.068741
76000 0.069126
77000 0.069295
78000 0.074465
79000 0.069076
80000 0.069274
81000 0.069222
82000 0.069356
83000 0.075202
84000 0.069695
85000 0.069718
86000 0.070118
87000 0.070161
88000 0.070488
89000 0.079779
90000 0.070735
91000 0.070480
92000 0.070788
93000 0.071203
94000 0.071360
95000 0.085932
96000 0.071257
97000 0.071666
98000 0.072546
99000 0.072011
100000 0.082193
